time,x,y,z,phi,theta,psi,x_velocity,y_velocity,z_velocity,phi_velocity,theta_velocity,psi_velocity,rotor_speed1,rotor_speed2,rotor_speed3,rotor_speed4
0.06,-4.34159758377e-07,1.01530132785e-07,10.0026758423,0.000114752207605,0.000385872549319,0.0,-3.62376114826e-05,9.39733875521e-06,0.0891912316007,0.00548698951865,0.0169109223647,0.0,433.24080029388085,434.66000468474726,432.73181985038605,433.1933385697644
0.12000000000000001,-1.82685895134e-05,5.71203696995e-06,10.0165038033,0.000771500634582,0.00184410829422,0.0,-0.000721704062684,0.000243517543031,0.371691306053,0.0200871426868,0.0360394028856,0.0,489.7311021818686,491.1516105965205,491.88042656474056,492.9601608085505
0.18,-0.000119843913549,4.65144682185e-05,10.0470431909,0.00229489882371,0.00413788049251,0.0,-0.00294914655178,0.00129302232707,0.64617260947,0.0343089630788,0.0422838584563,0.0,489.19764776649055,489.6628879143907,488.68915653365275,489.7479795189656
0.23999999999999996,-0.000399860918589,0.000183287333129,10.0903105799,0.00416890542094,0.00736035270595,0.0,-0.00670636771995,0.00348181496783,0.795978601155,0.0242385124399,0.0701008801478,0.0,451.8971081188582,454.1352544774215,453.1526117319379,452.34280477628624
0.3,-0.000979672552776,0.000488703241554,10.1421483528,0.00521639420761,0.0119789629385,0.0,-0.0130962460839,0.00683850882901,0.931840956897,-0.00171499063549,0.0880399860905,0.0,448.38623191651675,449.8455655442464,449.5526776172501,447.4449872198837
0.36000000000000004,-0.00204531259125,0.0010112417207,10.2019836894,0.00517460887096,0.0174554101077,0.0,-0.022997522801,0.0105711794247,1.06254954514,0.0012667931439,0.0970600492239,0.0,447.762328919131,448.502331461328,446.6497111628792,446.8928114099373
0.4200000000000001,-0.00384335080054,0.00176294502645,10.2706448638,0.00473683030193,0.0231001078872,0.0,-0.0375737055237,0.014477428943,1.22598246308,-0.0359889667458,0.0873307828302,0.0,458.97458949195084,458.2090323505555,458.4249395498526,455.4553172892629
0.48000000000000015,-0.00658918132735,0.0027208297649,10.3469396284,0.00319487958536,0.0287156106792,0.0,-0.0545003149291,0.017270663322,1.31706212022,-0.0105254672358,0.103835435215,0.0,434.87073948333915,436.25839206533954,434.6531405734039,436.78145774020163
0.5400000000000001,-0.0104722540852,0.00382026912804,10.4288259975,0.00261769011064,0.0348133500219,0.0,-0.0755569331927,0.0193157298096,1.41235042649,-0.00786740719986,0.0968084180771,0.0,437.69380872342157,437.11776733559356,436.96807331982274,437.1896990596334
0.6000000000000002,-0.0156843314927,0.00502695299561,10.5148106654,0.00198986242768,0.0402601498987,0.0,-0.0987062447601,0.0208560933748,1.45373268445,-0.0162408187592,0.0746373172397,0.0,420.8330655349989,418.9169849486881,420.5874962155502,419.86183098410606
0.6600000000000003,-0.0225206233948,0.00631858010716,10.6065855623,0.00110887425987,0.0453093935637,0.0,-0.129689467668,0.0220962176983,1.60520611419,-0.0117369248766,0.0984514176931,0.0,453.5002209799618,455.41427820691047,455.7818150283232,456.1417085263859
0.7200000000000003,-0.0313386837433,0.00766667904954,10.7075467241,0.00081536487145,0.0517424322946,0.0,-0.164919431493,0.0227881515824,1.75990514048,0.00613667692661,0.120635439724,0.0,455.39988803434966,457.18027627950676,456.37164848121796,457.79602181515895
0.7800000000000004,-0.0423670030569,0.00905269492403,10.8167972933,0.00102735442684,0.0593569640213,0.0,-0.203464895451,0.0234433012744,1.88154113172,-0.00226205162356,0.13716691378,0.0,446.30289195945124,447.6644418635895,447.4959709077124,446.8117680660831
0.8400000000000004,-0.0560904134779,0.0104840783361,10.9368880926,0.000704272056294,0.0671831711107,0.0,-0.254948380916,0.0242419413851,2.12100399966,-0.0125045865287,0.111507938387,0.0,484.3870158304521,482.46742918974866,482.77470969038984,482.00140646866726
0.9000000000000005,-0.0728976161199,0.0119510325977,11.0685227702,6.28275461694,0.073649982005,0.0,-0.305989951001,0.0245591087058,2.26648318156,-0.0365595207321,0.0990354977922,0.0,455.9159701410634,454.9282448786452,457.482324426778,455.5630155309171
0.9600000000000005,-0.0928253905427,0.0134071128698,11.2077666762,6.28013951321,0.080518478064,0.0,-0.35892572161,0.0237353792408,2.3746999521,-0.0638258960717,0.134720584178,0.0,442.6731829666823,445.6108375326605,447.2511007901115,445.02363480748556
1.0200000000000005,-0.115950960242,0.0147586635241,11.3519200991,6.27636673501,0.0882759545188,0.0,-0.412676698135,0.0209543805011,2.43022020389,-0.0610521040951,0.115304874537,0.0,429.97967507566136,428.34744085014285,428.5730290534025,428.80569273218794
1.0800000000000005,-0.143012194629,0.0158238955261,11.5056746187,6.27260367063,0.0953472367225,0.0,-0.490196573507,0.014090058779,2.69424230761,-0.0662747057814,0.122516409898,0.0,493.0199924602685,493.56343907918614,492.1580733979531,491.76894842078156
1.1400000000000006,-0.174895121876,0.0163815703156,11.6751036215,6.26877829821,0.103537997031,0.0,-0.57349297181,0.00401903443321,2.95263124173,-0.0591450428033,0.155445304459,0.0,490.35711693169327,492.8117422206722,492.9817258972699,493.5057079789805
1.2000000000000006,-0.211489659028,0.0163132820181,11.8552501061,6.26632691887,0.113150300284,0.0,-0.64726414942,-0.0065807572336,3.05185480077,-0.0182346064854,0.168329711063,0.0,445.70797488312036,446.78386800576703,445.01955963791295,448.3544580099809
1.2600000000000007,-0.252689703708,0.015569724102,12.0411317562,6.26509256935,0.122881737841,0.0,-0.727046134179,-0.0183143748784,3.14379643529,-0.0257139815445,0.145644097673,0.0,444.8325218200268,442.9955937661788,446.46919418245153,445.8585459019004
1.3200000000000007,-0.298811319254,0.0141048178233,12.2320110463,6.26321209771,0.132882060099,0.0,-0.811253445615,-0.0306737017599,3.21847559167,-0.0460337076182,0.19130936744,0.0,437.94486102644083,441.7518826648375,441.8416366876565,440.1627441446523
1.3800000000000008,-0.350249962583,0.011848681767,12.4277550232,6.26054332163,0.14463233489,0.0,-0.904497528846,-0.0447929060118,3.30585583021,-0.041540537883,0.203618776832,0.0,444.65599449611005,445.70047693841747,445.27859741394184,445.6448994638863
1.4400000000000008,-0.407728235101,0.00866125205359,12.6300769962,6.25797731483,0.156478879287,0.0,-1.0126734302,-0.0617092296823,3.437555152,-0.0453387603644,0.180760798405,0.0,460.53641816274524,458.7610576530626,460.81501393737994,460.513724671482
1.5000000000000009,-0.471980572389,0.00439837105134,12.840456289,6.25502333728,0.167058152626,0.0,-1.13015497553,-0.0806722068699,3.5743946898,-0.0584510980942,0.165521791579,0.0,463.377521239508,462.20639636042296,463.90902818358074,462.8767940322085
1.560000000000001,-0.54266411025,-0.000925232291478,13.0540427588,6.25189639859,0.176870634564,0.0,-1.22679853879,-0.0970505176672,3.54502444562,-0.0417683015646,0.159259422332,0.0,411.0329241987423,410.5053987261988,409.86829951696086,411.3463091322627
1.620000000000001,-0.619338837684,-0.00728475243631,13.2659798511,6.2495425727,0.185926771415,0.0,-1.3298279974,-0.115131096928,3.51939381869,-0.0345858474325,0.123894757136,0.0,414.1064505498707,411.00602516249904,411.70331633630343,412.3374487083425
1.680000000000001,-0.70331116732,-0.014939492507,13.4814308186,6.24760349129,0.194748788807,0.0,-1.47006645581,-0.140218595319,3.66156261218,-0.0281304719993,0.173098431967,0.0,465.58040180640876,469.43181408643176,466.0533690802457,466.5573293728982
1.740000000000001,-0.795673579569,-0.0240973320185,13.7042084275,6.24603375097,0.205106542358,0.0,-1.60967259217,-0.165184708215,3.76367371991,-0.0224915729914,0.171675307735,0.0,456.981930838965,456.8962073067535,455.1665318280157,455.61748985670346
1.8000000000000012,-0.896740475128,-0.0348023260803,13.9335846715,6.24443728172,0.215417079832,0.0,-1.76021408702,-0.191771756214,3.88141702552,-0.0364664243317,0.172173710885,0.0,462.214154400909,462.2805361031637,463.2797944742031,462.17944198363614
1.8600000000000012,-1.00765960495,-0.0472433123965,14.1726688277,6.24192908723,0.225999393259,0.0,-1.9381498164,-0.223153602583,4.08685278911,-0.0554886938641,0.183657930824,0.0,490.0333347277644,490.91297041614496,491.21712672020715,489.803538923421
1.9200000000000013,-1.12913961162,-0.0615617442205,14.4223961774,6.23832002115,0.236788633851,0.0,-2.11223495798,-0.254460338031,4.23633176042,-0.071646835164,0.170776253376,0.0,477.49158471730686,476.5364742169213,476.2737007312542,475.03377033620194
1.9800000000000013,-1.2606732702,-0.0777207884708,14.6784250359,6.23359987992,0.246770755266,0.0,-2.27312906692,-0.284570814144,4.29725713418,-0.0988844078433,0.155664455216,0.0,451.7496837758756,450.5551978346624,452.0183085412659,449.8124866136713
2.0400000000000014,-1.40240054856,-0.0958498549509,14.9393926199,6.22762536229,0.255702555818,0.0,-2.45194112745,-0.320295799303,4.40073722677,-0.100993005057,0.129636915386,0.0,467.1331062391772,465.11807386813564,465.88950106197115,465.716543082985
2.1000000000000014,-1.55550857827,-0.116343522907,15.2082677457,6.22184998549,0.263416680122,0.0,-2.65233431696,-0.363414429886,4.56056867016,-0.0881614360112,0.126344341126,0.0,485.6765382443333,485.4430723719305,484.0285911108242,484.98626059072296
2.1600000000000015,-1.71940336821,-0.139221889493,15.4814429974,6.21638377234,0.271117710045,0.0,-2.81149172024,-0.399630588073,4.54487364437,-0.0977492076828,0.13208423386,0.0,432.25709072779637,432.75612586594866,431.7723568837635,430.95528814428786
2.2200000000000015,-1.89353161274,-0.164496346226,15.755544127,6.21064739879,0.279540917754,0.0,-2.9934921377,-0.443347596,4.59107468326,-0.0916348956001,0.153244451244,0.0,452.35967942686244,454.07823799322404,453.0481253906304,453.5319399430667
2.2800000000000016,-2.07873962629,-0.19249161063,16.0322870192,6.20619994992,0.289658433713,0.0,-3.18094944183,-0.490222392942,4.63286466794,-0.0521263193485,0.188812070244,0.0,451.9328633998584,454.8165418905931,452.1240605725146,455.2916646429484
2.3400000000000016,-2.27516716336,-0.223309886677,16.3106686078,6.20314211358,0.301040658851,0.0,-3.36760150225,-0.537272688807,4.64575713392,-0.0487357917839,0.191427331847,0.0,445.06045507153686,445.30941920081966,446.67883766359915,446.9536540592133
2.4000000000000017,-2.48243884165,-0.256852026529,16.5879107825,6.20027888414,0.312644598141,0.0,-3.54241794536,-0.58099424393,4.59516966806,-0.045764141378,0.197070750797,0.0,426.32545597439946,426.8456034932045,425.9321313936272,426.18475709888986
2.4600000000000017,-2.70039626064,-0.293055825966,16.8620183925,6.19736597792,0.32420156016,0.0,-3.72380326847,-0.62598419531,4.54123802244,-0.0547945209927,0.18177295302,0.0,426.5437982044287,425.2728543532111,427.12970401732844,426.3571463114067
2.520000000000002,-2.93207728059,-0.332674963027,17.1405838868,6.19399795726,0.335349335541,0.0,-3.9998084763,-0.694878999906,4.74232421118,-0.0589551438072,0.192815323928,0.0,508.80625397311576,509.62485292951635,507.9812080370726,507.6810117260365
2.580000000000002,-3.17942504192,-0.376197530432,17.4277467013,6.19072840996,0.347270667669,0.0,-4.24607222172,-0.756088121096,4.82832368349,-0.0468012289409,0.208395720119,0.0,477.81624796458766,479.0380341808373,476.6181753205953,477.54452420295985
2.640000000000002,-3.43973574521,-0.422918248599,17.7142813857,6.1875092139,0.359534511613,0.0,-4.43196185447,-0.801450077469,4.72243195949,-0.0731245118449,0.194898109682,0.0,416.86093336807954,415.7234741831482,418.2439909632514,415.94214718310343
2.700000000000002,-3.71311270187,-0.472840605818,17.998883685,6.18348869998,0.371108513728,0.0,-4.68152024893,-0.862898253443,4.76298592584,-0.0569596574054,0.188577846204,0.0,466.71601952627725,466.2567000049841,468.08557718497536,469.33889313177895
2.760000000000002,-4.00192630155,-0.526568014135,18.2863618951,6.18103509391,0.383171058699,0.0,-4.94649971852,-0.928143830059,4.81812838,-0.0200940055221,0.218484682055,0.0,473.9798117901154,476.30890468922485,473.8030325035679,476.6283512539076
2.820000000000002,-4.30689356124,-0.584237394798,18.5769976577,6.18012025541,0.396355435175,0.0,-5.22006491435,-0.994113501537,4.86812259898,-0.00698609138887,0.222133952145,0.0,476.11758205612495,476.4409789609161,476.9303849948647,477.93079526607136
2.880000000000002,-4.62753093117,-0.645617687638,18.8680764073,6.17976142627,0.410313534794,0.0,-5.46888656338,-1.05181970911,4.83333585394,-0.0040414513592,0.248019366113,0.0,451.4311368193361,453.5674368242104,452.3829445374151,452.62014834069356
2.940000000000002,-4.96203988383,-0.710142443069,19.1539328301,6.18007337934,0.425287034822,0.0,-5.68255498112,-1.09895171688,4.69460966288,0.0191855204528,0.252465219994,0.0,417.6235288292686,418.07796107000485,418.28059262082155,420.29901243112187
3.000000000000002,-5.30970949295,-0.777502316991,19.4315759824,6.18096243861,0.440540821697,0.0,-5.90758133248,-1.14624983782,4.55944643882,0.00421453845318,0.257537165363,0.0,422.18252339173034,422.6885573352928,421.1396107735006,419.8422475485862
3.0600000000000023,-5.67273731525,-0.84802553211,19.7043580315,6.18211532638,0.456670355341,0.0,-6.19446197653,-1.2043107922,4.53168821817,0.0390826893572,0.285051675284,0.0,459.44722053303406,461.69295993118004,460.79351637285515,463.54237268684665
3.1200000000000023,-6.05200693468,-0.921733878962,19.9727276933,6.18426402737,0.473741448076,0.0,-6.449064488,-1.25238484614,4.41285244671,0.0283029319806,0.283432069625,0.0,435.0298961596361,434.97824168619735,431.7802938963413,430.87025575734083
3.1800000000000024,-6.44666180367,-0.998253652433,20.2334804928,6.18631917883,0.490842293295,0.0,-6.70728675726,-1.29805837619,4.2777951055,0.0440762122251,0.287997001255,0.0,430.34578062318496,430.81729584990796,428.81874430772575,430.15744002085125
3.2400000000000024,-6.85912751567,-1.07783717311,20.4897389201,6.18876009296,0.508122818626,0.0,-7.04264416816,-1.35432533858,4.26200767163,0.032843863341,0.288032195168,0.0,473.9975293662034,474.0787505892043,476.6342148069998,475.7755250932589
3.3000000000000025,-7.28885775929,-1.16020594299,20.7391631131,6.19080034032,0.525156913103,0.0,-7.28290585573,-1.3911382642,4.05134473726,0.0362286803123,0.274029054323,0.0,410.24455115665927,409.08789038390375,408.1524471673818,408.45510414027336
3.3600000000000025,-7.73620828389,-1.24521590347,20.98084187,6.19352502273,0.541640490411,0.0,-7.62972696158,-1.4421573284,4.00247928138,0.0593263616953,0.276082396969,0.0,471.00720529923314,471.23762834407665,470.4291862800552,472.21579973661744
3.4200000000000026,-8.20260406128,-1.33291883322,21.2159397223,6.1970820489,0.559095216843,0.0,-7.91789817865,-1.48096080435,3.83275779873,0.0591984861981,0.310590884371,0.0,430.6792730400638,433.675423115237,432.46622174659,432.4580168201713
3.4800000000000026,-8.68706198097,-1.42296027857,21.4414292991,6.20043399668,0.578130274784,0.0,-8.23178478263,-1.52007370197,3.68178140342,0.048194265502,0.328010647503,0.0,442.60254249875334,444.1368171253784,443.543130489743,442.64028524733226
3.5400000000000027,-9.19233281834,-1.51550107289,21.6601571302,6.20309287745,0.598481804345,0.0,-8.6115121156,-1.564213452,3.6064330995,0.035137380463,0.355297421732,0.0,474.49351221351833,476.6926730324447,476.3815151859506,475.38273126732855
3.6000000000000028,-9.71887468584,-1.61041508387,21.8713359044,6.20475982099,0.620445633092,0.0,-8.94092710729,-1.59932368108,3.43070185341,0.0060002675106,0.381722054953,0.0,444.20345575408146,446.50212712205973,446.5501651199858,444.1663632306287
3.660000000000003,-10.2664908167,-1.7075086298,22.0730420902,6.20526405513,0.643911627838,0.0,-9.31384703767,-1.63690248255,3.28999224013,0.0128233179685,0.405206580294,0.0,463.3850085368749,465.377932182065,464.6658271821185,465.2004566949449
3.720000000000003,-10.8349656749,-1.8066351273,22.2634882383,6.20592946784,0.668313172861,0.0,-9.63628688995,-1.6671290176,3.05595960614,0.0073768266789,0.409500315092,0.0,435.7729958595526,436.3070987632593,435.35373166097213,434.8974855826611
3.780000000000003,-11.4219019001,-1.90743449672,22.4380828443,6.20633127909,0.692662922365,0.0,-9.92923951954,-1.69271380069,2.76196794988,0.00530096039574,0.397268923801,0.0,416.4869339541817,415.5986038665588,417.42533602033967,417.24396750143467
3.840000000000003,-12.0274330756,-2.00981682778,22.5956315056,6.20710970644,0.716806718727,0.0,-10.2559440616,-1.71985561968,2.48734266316,0.0250643092367,0.411039569673,0.0,430.34193587729214,431.6794121824432,429.80420377133964,431.47650907118725
3.900000000000003,-12.6558022293,-2.11405296897,22.7397149795,6.20920948217,0.741218450404,0.0,-10.6900353,-1.75432155163,2.3117456885,0.0497703111053,0.396866939007,0.0,479.5038522407694,478.5842037839831,477.3408703761963,479.2235722402811
3.960000000000003,-13.308331007,-2.22012513115,22.8704172288,6.21222850581,0.764869511216,0.0,-11.061383137,-1.78109725901,2.04210325535,0.0513883583771,0.388215137243,0.0,450.2473596017969,449.7055620868014,449.6639528578478,449.7966240064025
4.020000000000002,-13.9827996986,-2.32770882131,22.9839128833,6.21519359372,0.789021133819,0.0,-11.4213081996,-1.80473425413,1.73827492906,0.045155377261,0.421718934933,0.0,442.12918634338826,445.0476122653906,443.57760319699946,443.0667549487433
4.080000000000001,-14.6795053963,-2.43669060935,23.0791544027,6.2181424711,0.814656139421,0.0,-11.8023670852,-1.82768725678,1.43319775048,0.0561273942793,0.436464021149,0.0,451.33439237207335,452.70940916429896,451.17563136871297,452.06242501982996
4.14,-15.3997276249,-2.54702494053,23.156015419,6.22150704737,0.841720901795,0.0,-12.2049049342,-1.84978193571,1.12518102056,0.0559738703356,0.470543035899,0.0,458.7880219020536,461.68842596125796,461.1864635341625,461.17633814732693
4.199999999999998,-16.1441989159,-2.65862411332,23.2137654024,6.2250356842,0.870178506098,0.0,-12.6104063529,-1.86985319854,0.795928387646,0.0639514662088,0.480875869615,0.0,462.1209037864568,463.16040070167526,462.2837590752908,462.9144732161198
4.259999999999997,-16.9148168863,-2.77145122531,23.2525610533,6.22915206456,0.898852510388,0.0,-13.0758729354,-1.89064416737,0.492557773888,0.0765823014501,0.471194262746,0.0,487.4117449557174,486.9045307529648,486.6868639932903,487.6347838392107
4.319999999999996,-17.7105335087,-2.885334985,23.2701526016,6.23365335815,0.926791444157,0.0,-13.4473423314,-1.90519202136,0.0901838405748,0.0717036047681,0.451320501046,0.0,455.0231948329779,453.649637432494,454.0776341842818,453.69016883002763
4.379999999999995,-18.5261762513,-2.9999556211,23.261222378,6.23799626928,0.953959117744,0.0,-13.7404237725,-1.91531740183,-0.390656196205,0.0737042486565,0.455580224646,0.0,424.0722785425298,424.66292554696685,424.97319903945714,425.14905014077806
4.439999999999993,-19.3577954571,-3.11510109484,23.2217959287,6.24254303077,0.980987832922,0.0,-13.9800624978,-1.92274905134,-0.925905537957,0.0796342049488,0.437640299026,0.0,404.2793350601151,402.8927104299546,403.36391810176076,403.90454573130927
4.499999999999992,-20.2054018576,-3.2307132334,23.1508637578,6.2473855497,1.00716705798,0.0,-14.2728368372,-1.93083839229,-1.44148611598,0.082774058588,0.433551731135,0.0,425.3552778023166,425.2127725936587,426.36510349652275,426.63897032940343
4.559999999999991,-21.0742916175,-3.34686600766,23.0507997423,6.25210038817,1.03315385591,0.0,-14.688348248,-1.94069163462,-1.89832358671,0.0685021251939,0.432225100276,0.0,473.5913895068157,473.67216791331117,473.50997914249706,472.41466283044895
4.6199999999999894,-21.9670576696,-3.46355529912,22.9220505645,6.25643861452,1.05867595849,0.0,-15.0686861914,-1.94878506696,-2.39741420418,0.0789871099167,0.40597888408,0.0,466.17241359185033,464.2942258472062,465.37128229221156,466.19545545496015
4.679999999999988,-22.8805328476,-3.5806734048,22.7615672598,6.26096064976,1.08298075091,0.0,-15.3790977811,-1.95505018485,-2.95549835933,0.0669184123811,0.403225131261,0.0,444.8896917723135,444.83432261518533,445.7525753374633,444.7690404573282
4.739999999999987,-23.812873862,-3.69815499966,22.567173971,6.26485010629,1.10757984586,0.0,-15.6971813431,-1.96092080587,-3.52796809093,0.0602697866202,0.420868492276,0.0,451.80007946156354,453.391620700945,450.43707585814224,449.9017688851147
4.799999999999986,-24.7653484454,-3.81598642246,22.3383837803,6.26817869937,1.13274567155,0.0,-16.0494771151,-1.96671632145,-4.1025598099,0.0435706146081,0.416398682664,0.0,468.0065576397434,467.831735626441,467.9615575385905,466.66093919005436
4.859999999999984,-25.73208282,-3.93410916954,22.0713284637,6.27046036347,1.15773686158,0.0,-16.1743607803,-1.97071921296,-4.80157773646,0.02363253137,0.416760168641,0.0,390.01998396454417,390.26074472631365,392.9223167996875,391.0689808715949
4.919999999999983,-26.7123392393,-4.05250687241,21.7645303084,6.2723806248,1.18288819954,0.0,-16.4979352196,-1.97583312749,-5.42922664316,0.0449562554627,0.423635862775,0.0,464.36834521537685,465.0819704975541,464.1022677894328,465.7742813029153
4.979999999999982,-27.711307001,-4.17120473195,21.419185475,6.27531642892,1.20821242576,0.0,-16.7978622542,-1.98074617753,-6.08642703737,0.0558806898966,0.418752848206,0.0,463.50833677642834,463.3016567504405,463.77794043126266,464.63709312354234
5.0399999999999805,-28.7269289144,-4.29019420898,21.0333083205,6.27929159642,1.23351270836,0.0,-17.0531438837,-1.9855900812,-6.78008484378,0.0815134345546,0.42693104263,0.0,455.7719319243496,456.6053328476474,455.2213578441155,457.2722496006639
